	Cog = 
	{
		LinkId = 
		{
			uint Id = 48,
		},
		Named = 
		{
			string Name = "LevelGeometry",
		},
		Archetyped = 
		{
			string Name = "4de020863e84941e:Transform",
		},
		Transform = 
		{
			Vec3 Translation = [0, 0, 0],
			Vec3 Scale = [1, 1, 1],
			Quat Rotation = [0, 0, 0, 1],
		},
		LevelGeometry = 
		{
			float LayerDepth = 1,
		},
		Hierarchy = 
		{
			Cog = 
			{
				LinkId = 
				{
					uint Id = 49,
				},
				Archetyped = 
				{
					string Name = "54ff3eb4e390b3ac:GeoDefaultGroundArchetype",
				},
				Transform = 
				{
					Vec3 Translation = [-59.408, -8.96665, 0],
					Vec3 Scale = [1, 1, 1],
					Quat Rotation = [0, 0, 0, 1],
				},
				Model = 
				{
					string MaterialName = "54ff3eb4e39fd7b0:GeoDefaultGroundMulti",
					string MeshName = "",
					Vec4 Color = [0.335, 0.212474, 0.112225, 1],
					bool Visible = true,
				},
				GeometryMesh = 
				{
					int Layer = 0,
					string GeometryMaterialName = "54ff3eb4e39ffbb7:DefaultGround",
					uint64 CachedGeometryId = 5481a69f59da2fb0,
					Shape2D Shape = 
					{
						Array Contours = 
						[
							{
								Array Data = 
								[
[53.466, -25.847],
[51.198, -25.849],
[49.989, -28.195],
[45.989, -28.195],
[45.302, -29.476],
[43.733, -26.338],
[39.732, -26.338],
[38.778, -28.167],
[37.342, -25.295],
[33.267, -25.299],
[32.09, -27.652],
[30.722, -27.653],
[30.31, -27.826],
[29.604, -26.416],
[29.386, -26.348],
[27.349, -26.348],
[26.508, -24.669],
[22.436, -24.673],
[21.035, -27.477],
[20.313, -26.036],
[16.172, -26.043],
[15.865, -26.658],
[11.873, -26.658],
[11.003, -28.398],
[8.401, -28.398],
[6.921, -25.439],
[2.855, -25.443],
[2.733, -25.687],
[-1.274, -25.694],
[-1.488, -26.122],
[-1.822, -25.453],
[-5.893, -25.456],
[-6.997, -27.667],
[-8.75, -27.67],
[-9.074, -28.319],
[-9.519, -27.922],
[-11.091, -24.775],
[-14.104, -24.778],
[-14.531, -24.132],
[-14.705, -24.132],
[-15.682, -22.18],
[-17.121, -22.181],
[-16.679, -21.209],
[-18.679, -17.209],
[-21.503, -17.209],
[-22.395, -15.422],
[-22.618, -15.273],
[-26.618, -15.273],
[-26.785, -15.605],
[-27.243, -14.689],
[-29.367, -14.692],
[-30.057, -13.314],
[-31.756, -13.318],
[-32.042, -12.748],
[-36.041, -12.748],
[-37.345, -15.403],
[-37.788, -14.852],
[-41.765, -14.852],
[-40.443, -12.186],
[-40.814, -12.186],
[-40.902, -12.099],
[-40.996, -12.099],
[-41.262, -11.972],
[-41.326, -11.972],
[-41.328, -11.977],
[-41.597, -11.978],
[-41.601, -11.987],
[-41.691, -11.987],
[-41.692, -11.99],
[-43.192, -11.99],
[-43.498, -11.923],
[-43.922, -11.923],
[-44.013, -11.879],
[-44.056, -11.879],
[-44.06, -11.887],
[-44.685, -11.894],
[-44.693, -11.91],
[-44.962, -11.911],
[-44.966, -11.92],
[-45.411, -11.924],
[-45.418, -11.937],
[-45.863, -11.941],
[-45.869, -11.952],
[-46.046, -11.953],
[-46.049, -11.959],
[-46.757, -11.959],
[-46.77, -11.985],
[-48.27, -11.985],
[-48.585, -11.355],
[-51.371, -11.355],
[-52.094, -12.801],
[-52.999, -10.993],
[-56.998, -10.993],
[-57.125, -11.08],
[-58.037, -12.905],
[-60.346, -12.909],
[-60.432, -13.082],
[-61.743, -10.461],
[-64.223, -10.479],
[-64.575, -9.779],
[-68.883, -9.792],
[-69.367, -10.755],
[-70.843, -7.8],
[-74.997, -7.806],
[-75.84, -9.488],
[-76.129, -8.909],
[-76.478, -8.909],
[-75.557, -7.071],
[-77.557, -3.071],
[-79.705, -3.073],
[-80.788, -0.905],
[-78.828, 3.018],
[-78.833, 3.111],
[-80.834, 7.111],
[-84.748, 7.105],
[-84.397, 7.807],
[-83.639, 7.807],
[-81.639, 11.807],
[-82.689, 13.889],
[-81.597, 16.073],
[-82.046, 16.968],
[-81.602, 17.856],
[-79.789, 17.863],
[-79.512, 18.101],
[-78.157, 20.812],
[-76.252, 20.82],
[-76.054, 20.949],
[-74.778, 23.532],
[-70.567, 23.546],
[-69.949, 23.948],
[-69.011, 25.822],
[-65.191, 25.85],
[-64.241, 27.753],
[-62.8, 27.756],
[-62.331, 26.817],
[-58.331, 26.817],
[-58.13, 27.222],
[-57.605, 26.266],
[-53.605, 26.266],
[-51.855, 29.767],
[-51.705, 29.467],
[-50.355, 29.469],
[-49.841, 28.442],
[-47.669, 28.446],
[-47.746, 28.186],
[-46.339, 28.186],
[-46.136, 27.96],
[-45.901, 27.96],
[-45.572, 27.722],
[-44.92, 27.65],
[-44.485, 27.556],
[-44.317, 27.503],
[-43.616, 27.503],
[-43.409, 27.459],
[-42.504, 27.465],
[-42.499, 27.475],
[-41.844, 27.535],
[-41.739, 27.535],
[-41.734, 27.545],
[-41.522, 27.547],
[-41.514, 27.564],
[-41.409, 27.565],
[-41.404, 27.574],
[-41.301, 27.575],
[-41.296, 27.585],
[-41.19, 27.586],
[-41.185, 27.596],
[-41.08, 27.597],
[-41.075, 27.606],
[-40.97, 27.606],
[-40.966, 27.615],
[-40.861, 27.616],
[-40.856, 27.625],
[-40.75, 27.626],
[-40.745, 27.635],
[-40.535, 27.637],
[-40.526, 27.656],
[-39.231, 27.656],
[-38.507, 29.1],
[-34.847, 29.107],
[-34.279, 27.972],
[-30.16, 27.98],
[-29.443, 29.344],
[-25.201, 29.361],
[-24.11, 31.543],
[-23.932, 31.188],
[-19.808, 31.196],
[-18.436, 33.942],
[-17.433, 33.942],
[-15.406, 38.081],
[-16.042, 39.357],
[-15.079, 39.357],
[-13.079, 43.357],
[-14.713, 46.626],
[-12.998, 50.057],
[-12.993, 50.195],
[-14.25, 52.71],
[-13.64, 54.066],
[-14.387, 55.559],
[-12.87, 58.593],
[-14.819, 62.492],
[-14.505, 62.492],
[-12.505, 66.492],
[-12.498, 66.648],
[-14.498, 70.649],
[-18.28, 70.649],
[-18.735, 71.56],
[-22.869, 71.548],
[-23.397, 70.493],
[-26.308, 70.493],
[-28.307, 66.493],
[-28.307, 66.337],
[-26.308, 62.336],
[-24.26, 62.336],
[-24.232, 62.281],
[-25.817, 59.111],
[-27.576, 59.111],
[-29.575, 55.111],
[-29.575, 54.968],
[-27.724, 51.267],
[-28.694, 49.329],
[-28.112, 48.03],
[-28.731, 48.03],
[-29.621, 46.35],
[-29.937, 46.984],
[-33.937, 46.984],
[-34.168, 46.843],
[-36.127, 42.925],
[-39.692, 42.925],
[-39.8, 42.796],
[-41.442, 39.511],
[-42.327, 41.281],
[-46.563, 41.262],
[-46.698, 40.994],
[-50.078, 40.994],
[-51.863, 37.425],
[-52.208, 38.045],
[-55.571, 38.045],
[-56.326, 39.556],
[-60.439, 39.547],
[-61.049, 38.329],
[-61.592, 39.418],
[-65.704, 39.408],
[-66.956, 36.906],
[-68.342, 39.679],
[-72.452, 39.67],
[-73.981, 36.614],
[-77.648, 36.607],
[-77.792, 36.32],
[-79.873, 36.32],
[-80.703, 34.662],
[-81.333, 35.921],
[-81.552, 36.03],
[-85.657, 36.023],
[-87.657, 32.022],
[-86.718, 30.145],
[-88.914, 30.141],
[-90.914, 26.141],
[-90.591, 25.494],
[-92.086, 25.494],
[-92.254, 25.26],
[-94.254, 21.26],
[-94.231, 21.216],
[-95.949, 17.779],
[-94.97, 15.743],
[-96.425, 12.834],
[-95.545, 10.925],
[-96.315, 10.823],
[-98.315, 6.823],
[-97.929, 6.052],
[-99.157, 3.595],
[-97.157, -0.405],
[-96.599, -0.405],
[-95.645, -2.311],
[-95.991, -3.211],
[-93.991, -7.211],
[-92.492, -7.211],
[-92.388, -7.418],
[-94.337, -11.314],
[-93.259, -13.589],
[-94.169, -15.406],
[-92.169, -19.406],
[-88.026, -19.4],
[-87.674, -18.693],
[-87.41, -19.221],
[-87.037, -19.359],
[-85.417, -19.359],
[-85.039, -20.115],
[-82.592, -20.115],
[-81.702, -21.864],
[-77.702, -21.864],
[-76.929, -20.321],
[-76.249, -21.683],
[-72.249, -21.683],
[-71.682, -20.617],
[-71.568, -20.846],
[-69.042, -20.844],
[-67.972, -22.985],
[-63.746, -22.978],
[-63.234, -21.954],
[-59.672, -21.95],
[-59.149, -20.907],
[-56.213, -20.901],
[-55.637, -19.749],
[-54.428, -22.167],
[-50.36, -22.164],
[-49.963, -21.37],
[-42.867, -21.36],
[-42.718, -21.064],
[-41.787, -22.928],
[-39.364, -22.928],
[-39.124, -23.408],
[-34.991, -23.398],
[-34.733, -22.884],
[-30.969, -22.871],
[-30.879, -22.694],
[-27.243, -22.689],
[-27.076, -22.357],
[-26.618, -23.273],
[-26.396, -23.422],
[-25.604, -23.422],
[-25.049, -24.533],
[-25.985, -26.406],
[-23.985, -30.406],
[-20.61, -30.403],
[-20.997, -31.174],
[-18.996, -35.173],
[-18.861, -35.239],
[-14.861, -35.239],
[-14.271, -34.061],
[-13.34, -35.925],
[-9.272, -35.921],
[-8.948, -35.273],
[-8.75, -35.67],
[-4.544, -35.661],
[-3.438, -33.455],
[-2.879, -33.454],
[-1.522, -36.168],
[2.478, -36.168],
[2.762, -35.592],
[5.191, -35.592],
[6.114, -33.746],
[7.587, -36.692],
[11.587, -36.692],
[12.553, -34.734],
[15.298, -34.734],
[16.771, -37.678],
[20.979, -37.669],
[21.755, -36.119],
[23.479, -36.119],
[24.877, -33.325],
[25.533, -34.497],
[28.074, -34.497],
[28.739, -35.825],
[29.103, -35.963],
[33.103, -35.963],
[33.259, -35.65],
[34.798, -35.649],
[35.632, -33.978],
[37.173, -37.063],
[43.427, -36.962],
[44.836, -34.147],
[45.9, -36.277],
[49.9, -36.277],
[49.989, -36.195],
[51.198, -33.849],
[51.787, -33.849],
[53.135, -36.545],
[53.297, -36.616],
[57.366, -36.614],
[58.522, -34.301],
[59.955, -37.167],
[63.955, -37.167],
[64.627, -35.852],
[66.323, -35.849],
[66.866, -34.763],
[67.362, -35.756],
[74.442, -35.71],
[74.779, -36.379],
[79.454, -36.358],
[79.654, -35.96],
[82.134, -35.953],
[82.866, -34.893],
[83.095, -34.893],
[83.696, -36.092],
[83.935, -36.164],
[88.09, -36.159],
[89.064, -34.213],
[90.287, -34.213],
[91.17, -32.508],
[93.455, -32.508],
[93.612, -32.418],
[95.297, -29.049],
[95.584, -29.049],
[97.584, -25.049],
[97.172, -24.061],
[97.81, -22.761],
[97.047, -21.152],
[97.551, -20.141],
[96.423, -17.881],
[97.547, -15.634],
[97.244, -15.029],
[99.001, -11.516],
[98.988, -11.104],
[97.666, -8.462],
[97.717, -8.361],
[96.364, -5.656],
[97.956, -2.471],
[97.905, -2.367],
[99.312, 0.494],
[99.04, 1.034],
[99.601, 2.154],
[100.266, 2.155],
[101.06, 3.744],
[104.447, 3.744],
[104.603, 3.838],
[106.603, 7.838],
[106.114, 8.815],
[106.981, 8.817],
[108.982, 12.817],
[108.625, 13.527],
[109.769, 15.812],
[108.458, 18.401],
[109.586, 20.658],
[108.437, 22.929],
[108.98, 24.015],
[106.909, 28.105],
[105.343, 28.105],
[103.568, 31.656],
[103.409, 31.741],
[99.409, 31.741],
[98.942, 30.81],
[98.047, 30.81],
[97.119, 32.664],
[92.867, 32.641],
[92.688, 32.282],
[89.044, 32.275],
[88.089, 30.365],
[84.522, 30.365],
[82.522, 26.365],
[82.814, 25.677],
[80.956, 21.96],
[81.544, 20.787],
[79.93, 17.493],
[80.773, 15.809],
[79.401, 13.066],
[80.034, 11.803],
[79.758, 11.241],
[79.572, 11.613],
[75.504, 11.609],
[75.079, 10.761],
[72.148, 10.759],
[71.992, 10.45],
[70.426, 10.449],
[70.305, 10.527],
[68.372, 10.526],
[67.633, 12.008],
[66.085, 12.007],
[65.14, 13.899],
[64.885, 13.899],
[64.683, 14.304],
[65.966, 16.87],
[65.955, 16.953],
[64.106, 20.651],
[64.866, 22.172],
[62.866, 26.173],
[58.795, 26.166],
[56.795, 22.166],
[58.226, 19.305],
[56.839, 16.532],
[57.547, 15.053],
[56.442, 12.841],
[57.668, 10.337],
[56.432, 7.865],
[58.432, 3.865],
[58.76, 3.866],
[59.585, 2.247],
[63.585, 2.247],
[63.947, 2.971],
[66.017, 2.973],
[66.241, 2.524],
[70.305, 2.527],
[70.426, 2.449],
[74.491, 2.452],
[74.647, 2.761],
[75.589, 2.762],
[75.901, 2.137],
[79.047, 2.137],
[79.329, 1.57],
[82.882, 1.573],
[84.695, -2.054],
[85.939, -2.054],
[85.592, -2.748],
[87.659, -6.815],
[87.873, -6.815],
[86.838, -8.888],
[87.939, -11.091],
[87.772, -11.425],
[89.071, -14.024],
[87.523, -17.117],
[87.529, -17.214],
[89.016, -20.189],
[88.973, -20.189],
[86.973, -24.189],
[87.941, -26.128],
[86.359, -26.128],
[85.407, -27.98],
[84.863, -26.893],
[84.7, -26.817],
[80.543, -26.824],
[80.064, -27.783],
[78.42, -27.783],
[77.756, -27.965],
[77.558, -28.36],
[75.404, -28.376],
[75.071, -27.71],
[70.996, -27.712],
[70.978, -27.749],
[67.362, -27.757],
[67.265, -27.953],
[66.024, -25.475],
[61.95, -25.478],
[60.688, -28.003],
[59.782, -26.191],
[57.312, -26.191],
[57.44, -26.344],
[57.919, -26.93],
[58.203, -27.319],
[58.953, -28.819],
[58.203, -30.319],
[56.703, -30.319],
[56.419, -29.93],
[55.363, -28.657],
[54.495, -27.469],
[54.01, -26.769],
								],
							},
						],
					},
					bool Dynamic = false,
					float MinEdgeLength = 0,
				},
			},
			Cog = 
			{
				LinkId = 
				{
					uint Id = 50,
				},
				Archetyped = 
				{
					string Name = "54ff3eb4e390b3ac:GeoDefaultGroundArchetype",
				},
				Transform = 
				{
					Vec3 Translation = [-103.071, -0.138353, 0],
					Vec3 Scale = [1, 1, 1],
					Quat Rotation = [0, 0, 0, 1],
				},
				Model = 
				{
					string MaterialName = "54ff3eb4e39fd7b0:GeoDefaultGroundMulti",
					string MeshName = "",
					Vec4 Color = [0.16, 0.070256, 0.0464, 1],
					bool Visible = true,
				},
				GeometryMesh = 
				{
					int Layer = 0,
					string GeometryMaterialName = "54ff3eb4e39ffbb7:DefaultGround",
					uint64 CachedGeometryId = 5481a61c409cb669,
					Shape2D Shape = 
					{
						Array Contours = 
						[
							{
								Array Data = 
								[
[3.259, -16.715],
[3.071, -16.313],
[3.45, -15.554],
[2.384, -13.339],
[3.809, -10.489],
[3.87, -9.897],
[2.754, -7.666],
[3.908, -5.359],
[3.891, -5.05],
[2.561, -2.393],
[3.721, -0.075],
[2.373, 2.614],
[3.644, 5.155],
[3.637, 5.27],
[2.124, 8.295],
[2.426, 8.295],
[4.427, 12.295],
[4.391, 13.028],
[3.549, 14.761],
[4.735, 14.768],
[5.485, 16.268],
[4.735, 17.768],
[2.729, 17.788],
[2.334, 18.481],
[0.834, 18.481],
[0.711, 18.236],
[-0.798, 18.199],
[-0.903, 17.988],
[-1.664, 17.988],
[-1.942, 17.503],
[-2.105, 17.811],
[-3.605, 17.811],
[-4.769, 15.485],
[-4.019, 13.985],
[-3.131, 13.985],
[-3.609, 13.028],
[-3.574, 12.295],
[-2.061, 9.27],
[-2.363, 9.27],
[-4.363, 5.27],
[-4.356, 5.155],
[-3.118, 2.68],
[-4.39, 0.136],
[-2.951, -2.734],
[-4.109, -5.05],
[-4.092, -5.359],
[-3.023, -7.498],
[-4.224, -9.9],
[-4.192, -10.489],
[-3.13, -12.613],
[-4.554, -15.462],
[-3.966, -16.721],
[-4.452, -16.967],
[-5.177, -18.519],
[-4.356, -20.15],
[-3.624, -20.498],
[0.507, -20.402],
[0.77, -19.876],
[2.059, -19.876],
[2.269, -19.723],
[3.902, -19.713],
[4.652, -18.213],
[3.902, -16.713],
								],
							},
						],
					},
					bool Dynamic = false,
					float MinEdgeLength = 0,
				},
			},
		},
	},
